[gd_scene load_steps=9 format=3 uid="uid://c8u6fk5xfvruo"]

[ext_resource type="PackedScene" uid="uid://c7o168n3g8ynh" path="res://player.tscn" id="1_u52ul"]

[sub_resource type="ProceduralSkyMaterial" id="ProceduralSkyMaterial_u52ul"]
sky_horizon_color = Color(0.662243, 0.671743, 0.686743, 1)
ground_horizon_color = Color(0.662243, 0.671743, 0.686743, 1)

[sub_resource type="Sky" id="Sky_vonw3"]
sky_material = SubResource("ProceduralSkyMaterial_u52ul")

[sub_resource type="Environment" id="Environment_oi3di"]
background_mode = 2
sky = SubResource("Sky_vonw3")
tonemap_mode = 2
glow_enabled = true

[sub_resource type="BoxMesh" id="BoxMesh_vonw3"]

[sub_resource type="BoxShape3D" id="BoxShape3D_oi3di"]
size = Vector3(25, 1, 25)

[sub_resource type="BoxMesh" id="BoxMesh_u52ul"]

[sub_resource type="BoxShape3D" id="BoxShape3D_vonw3"]
size = Vector3(1.368, 1.093, 0.359)

[node name="Level" type="Node3D"]

[node name="DirectionalLight3D" type="DirectionalLight3D" parent="."]
transform = Transform3D(-0.866023, -0.433016, 0.250001, 0, 0.499998, 0.866027, -0.500003, 0.749999, -0.43301, 0, 0, 0)
shadow_enabled = true

[node name="WorldEnvironment" type="WorldEnvironment" parent="."]
environment = SubResource("Environment_oi3di")

[node name="Grnd" type="StaticBody3D" parent="."]

[node name="MeshInstance3D" type="MeshInstance3D" parent="Grnd"]
transform = Transform3D(25, 0, 0, 0, 1, 0, 0, 0, 25, 0, 0, 0)
mesh = SubResource("BoxMesh_vonw3")

[node name="CollisionShape3D" type="CollisionShape3D" parent="Grnd"]
shape = SubResource("BoxShape3D_oi3di")

[node name="Player" parent="." instance=ExtResource("1_u52ul")]
transform = Transform3D(1, 0, 0, 0, 1, 0, 0, 0, 1, 0, 0.552618, -2.92419)

[node name="Wall" type="StaticBody3D" parent="."]
transform = Transform3D(0.5, 0, 0.866025, 0, 1, 0, -0.866025, 0, 0.5, -7.39755, 1.97499, 0)

[node name="MeshInstance3D" type="MeshInstance3D" parent="Wall"]
transform = Transform3D(1.368, 0, 0, 0, 1.093, 0, 0, 0, 0.359, 0, 0, 0)
mesh = SubResource("BoxMesh_u52ul")

[node name="CollisionShape3D" type="CollisionShape3D" parent="Wall"]
shape = SubResource("BoxShape3D_vonw3")

[node name="Wall2" type="StaticBody3D" parent="."]
transform = Transform3D(0.808555, 0, -0.588421, 0, 1, 0, 0.588421, 0, 0.808555, 6.01359, 1.97499, 3.66156)

[node name="MeshInstance3D" type="MeshInstance3D" parent="Wall2"]
transform = Transform3D(1.368, 0, 0, 0, 1.093, 0, 0, 0, 0.359, 0, 0, 0)
mesh = SubResource("BoxMesh_u52ul")

[node name="CollisionShape3D" type="CollisionShape3D" parent="Wall2"]
shape = SubResource("BoxShape3D_vonw3")

[node name="Wall3" type="StaticBody3D" parent="."]
transform = Transform3D(0.905635, 0, 0.424057, 0, 1, 0, -0.424057, 0, 0.905635, 6.04937, 1.97499, -7.56727)

[node name="MeshInstance3D" type="MeshInstance3D" parent="Wall3"]
transform = Transform3D(1.368, 0, 0, 0, 1.093, 0, 0, 0, 0.359, 0, 0, 0)
mesh = SubResource("BoxMesh_u52ul")

[node name="CollisionShape3D" type="CollisionShape3D" parent="Wall3"]
shape = SubResource("BoxShape3D_vonw3")

[node name="Wall4" type="StaticBody3D" parent="."]
transform = Transform3D(0.905635, 0, 0.424057, 0, 1, 0, -0.424057, 0, 0.905635, -4.81999, 1.97499, -8.50509)

[node name="MeshInstance3D" type="MeshInstance3D" parent="Wall4"]
transform = Transform3D(1.368, 0, 0, 0, 1.093, 0, 0, 0, 0.359, 0, 0, 0)
mesh = SubResource("BoxMesh_u52ul")

[node name="CollisionShape3D" type="CollisionShape3D" parent="Wall4"]
shape = SubResource("BoxShape3D_vonw3")

[node name="Wall5" type="StaticBody3D" parent="."]
transform = Transform3D(0.220152, 0, -0.975465, 0, 1, 0, 0.975465, 0, 0.220152, -3.92379, 1.97499, 7.59835)

[node name="MeshInstance3D" type="MeshInstance3D" parent="Wall5"]
transform = Transform3D(1.368, 0, 0, 0, 1.093, 0, 0, 0, 0.359, 0, 0, 0)
mesh = SubResource("BoxMesh_u52ul")

[node name="CollisionShape3D" type="CollisionShape3D" parent="Wall5"]
shape = SubResource("BoxShape3D_vonw3")

[node name="Wall6" type="StaticBody3D" parent="."]
transform = Transform3D(0.220152, 0, -0.975465, 0, 1, 0, 0.975465, 0, 0.220152, -0.426987, 1.97499, 0.329246)

[node name="MeshInstance3D" type="MeshInstance3D" parent="Wall6"]
transform = Transform3D(1.368, 0, 0, 0, 1.093, 0, 0, 0, 0.359, 0, 0, 0)
mesh = SubResource("BoxMesh_u52ul")

[node name="CollisionShape3D" type="CollisionShape3D" parent="Wall6"]
shape = SubResource("BoxShape3D_vonw3")
